[gd_scene load_steps=4 format=3 uid="uid://dhmq5y0dacrgx"]

[ext_resource type="Script" path="res://code/mobs/radio_boy/Radio_Boy.gd" id="1_4ga08"]
[ext_resource type="PackedScene" uid="uid://6h2qy8h0fcrg" path="res://models/mobs/radio_boy/Radio_Boy.gltf" id="1_bgc03"]

[sub_resource type="CapsuleShape3D" id="CapsuleShape3D_ojd6w"]

[node name="Radio_Boy" type="CharacterBody3D"]
script = ExtResource("1_4ga08")

[node name="CollisionShape3D" type="CollisionShape3D" parent="."]
transform = Transform3D(1.8, 0, 0, 0, 1.8, 0, 0, 0, 1.2, 0, 4, 0)
shape = SubResource("CapsuleShape3D_ojd6w")

[node name="Radio_Boy_Model" parent="." instance=ExtResource("1_bgc03")]

[node name="Root" parent="Radio_Boy_Model/Node" index="0"]
transform = Transform3D(1, 0, 0, 0, 0.991445, 0.130526, 0, -0.130526, 0.991445, -7.12646e-16, 3.74418, -0.205877)

[node name="Hip" parent="Radio_Boy_Model/Node/Root/Hips2/Leg_SX" index="0"]
transform = Transform3D(1, 0, 0, 0, 0.891652, 0.452721, 0, -0.452721, 0.891652, -0.117447, -0.144398, -0.0807452)

[node name="Stilt2" parent="Radio_Boy_Model/Node/Root/Hips2/Leg_SX/Hip" index="0"]
transform = Transform3D(1, 0, 0, 0, 0.965926, 0.258819, 0, -0.258819, 0.965926, -0.00719697, -1.17625, -0.0437201)

[node name="Hip2" parent="Radio_Boy_Model/Node/Root/Hips2/Leg_DX" index="0"]
transform = Transform3D(1, 0, 0, 0, 0.907044, -0.421036, 0, 0.421036, 0.907044, 0.117447, -0.0818982, -0.0807452)

[node name="Stilt22" parent="Radio_Boy_Model/Node/Root/Hips2/Leg_DX/Hip2" index="0"]
transform = Transform3D(1, 0, 0, 0, 0.999657, -0.0261769, 0, 0.0261769, 0.999657, 0.00719697, -1.23875, -0.0437201)

[node name="Torso2" parent="Radio_Boy_Model/Node/Root" index="2"]
transform = Transform3D(0.999994, -0.00120805, 0.003291, 0.00134956, 0.999059, -0.0433413, -0.00323555, 0.0433454, 0.999055, 0, 0, 0)

[node name="Arm_SX" parent="Radio_Boy_Model/Node/Root/Torso2" index="0"]
transform = Transform3D(1, 0, 0, 0, 0.955793, -0.29404, 0, 0.29404, 0.955793, -1.01914, 0.302555, 0.131354)

[node name="Forearm2" parent="Radio_Boy_Model/Node/Root/Torso2/Arm_SX" index="0"]
transform = Transform3D(1, 0, 0, 0, 0.872922, -0.48786, 0, 0.48786, 0.872922, -0.0632798, -1.04014, 0.125653)

[node name="Arm_DX" parent="Radio_Boy_Model/Node/Root/Torso2" index="1"]
transform = Transform3D(1, 0, 0, 0, 0.997185, 0.0749787, 0, -0.0749787, 0.997185, 1.01914, 0.302555, 0.131354)

[node name="Forearm22" parent="Radio_Boy_Model/Node/Root/Torso2/Arm_DX" index="0"]
transform = Transform3D(1, 0, 0, 0, 0.867765, -0.496974, 0, 0.496974, 0.867765, 0.0632798, -1.04014, 0.125653)

[node name="Backpack2" parent="Radio_Boy_Model/Node/Root/Torso2" index="2"]
transform = Transform3D(0.999962, -0.00872655, 0, 0.00872655, 0.999962, 0, 0, 0, 1, 7.12646e-16, 0.211446, 0.330877)

[node name="Head2" parent="Radio_Boy_Model/Node/Root/Torso2/Neck2" index="0"]
transform = Transform3D(0.999983, -0.000759368, -0.00576797, 0, 0.991445, -0.130526, 0.00581774, 0.130524, 0.991428, 0, 0.125, 0.0625)

[node name="Ant_SX2" parent="Radio_Boy_Model/Node/Root/Torso2/Neck2/Head2" index="2"]
transform = Transform3D(1, 0, 0, 0, 0.999996, -0.00265594, 0, 0.00265594, 0.999996, -0.3125, 0.75, 0.375)

[node name="Ant_DX2" parent="Radio_Boy_Model/Node/Root/Torso2/Neck2/Head2" index="3"]
transform = Transform3D(1, 0, 0, 0, 0.999996, -0.00265594, 0, 0.00265594, 0.999996, 0.3125, 0.75, 0.375)

[node name="Camera3D" type="Camera3D" parent="."]
transform = Transform3D(-4.37114e-08, -0.0871557, 0.996195, 0, 0.996195, 0.0871557, -1, 3.8097e-09, -4.35451e-08, 20, 5, 0)

[editable path="Radio_Boy_Model"]
