[gd_scene load_steps=7 format=3 uid="uid://dhmq5y0dacrgx"]

[ext_resource type="Script" path="res://code/mobs/radio_boy/Radio_Boy.gd" id="1_4ga08"]
[ext_resource type="PackedScene" uid="uid://d2swt3k6qvd7j" path="res://models/mobs/radio_boy/Radio_Boy.gltf" id="2_74wy5"]
[ext_resource type="Script" path="res://code/mobs/radio_boy/Camera_Pivot.gd" id="3_amske"]

[sub_resource type="CapsuleShape3D" id="CapsuleShape3D_ojd6w"]
height = 3.22637

[sub_resource type="AnimationNodeBlendSpace2D" id="AnimationNodeBlendSpace2D_62ai7"]

[sub_resource type="AnimationNodeStateMachine" id="AnimationNodeStateMachine_1xsu3"]
states/BlendSpace2D/node = SubResource("AnimationNodeBlendSpace2D_62ai7")
states/BlendSpace2D/position = Vector2(346, 92)
states/Start/position = Vector2(224, 115)

[node name="Radio_Boy" type="CharacterBody3D"]
script = ExtResource("1_4ga08")

[node name="CollisionShape3D" type="CollisionShape3D" parent="."]
transform = Transform3D(1.8, 0, 0, 0, 1.8, 0, 0, 0, 1.2, 0, 2.9, 0)
shape = SubResource("CapsuleShape3D_ojd6w")

[node name="Camera_Pivot" type="CharacterBody3D" parent="."]
transform = Transform3D(-4.37114e-08, -0.0871557, 0.996195, 0, 0.996195, 0.0871557, -1, 3.8097e-09, -4.35451e-08, 12, 7, 0)
script = ExtResource("3_amske")

[node name="Camera3D" type="Camera3D" parent="Camera_Pivot"]

[node name="Radio_Boy_Model" parent="." instance=ExtResource("2_74wy5")]

[node name="Torso2" parent="Radio_Boy_Model/Node/Root" index="0"]
transform = Transform3D(0.996195, 0, 0.0871558, 0, 1, 0, -0.0871558, 0, 0.996195, 0, -0.3125, 0)

[node name="Head2" parent="Radio_Boy_Model/Node/Root/Torso2/Neck2" index="0"]
transform = Transform3D(1, 0, 0, 0, 0.996195, 0.0871558, 0, -0.0871558, 0.996195, 0, 0.375, 0.03125)

[node name="Ant_L2" parent="Radio_Boy_Model/Node/Root/Torso2/Neck2/Head2" index="0"]
transform = Transform3D(1, 0, 0, 0, 0.999762, 0.0218149, 0, -0.0218149, 0.999762, -0.316617, 0.698565, 0.403713)

[node name="Ant_R2" parent="Radio_Boy_Model/Node/Root/Torso2/Neck2/Head2" index="1"]
transform = Transform3D(1, 0, 0, 0, 0.999762, 0.0218149, 0, -0.0218149, 0.999762, 0.316617, 0.698565, 0.403713)

[node name="Arm_L2" parent="Radio_Boy_Model/Node/Root/Torso2" index="2"]
transform = Transform3D(1, 0, 0, 0, 0.996194, 0.0871557, 0, -0.0871557, 0.996194, -0.749644, 0.734156, 0.0129776)

[node name="Forearm_L2" parent="Radio_Boy_Model/Node/Root/Torso2/Arm_L2" index="0"]
transform = Transform3D(1, 0, 0, 0, 0.996195, -0.0871558, 0, 0.0871558, 0.996195, -0.332776, -0.99569, 0.100652)

[node name="Thumb_L" parent="Radio_Boy_Model/Node/Root/Torso2/Arm_L2/Forearm_L2" index="0"]
transform = Transform3D(1, 0, 0, 0, 1, 0, 0, 0, 1, -0.167224, -0.830749, -0.178321)

[node name="Finger_1_L" parent="Radio_Boy_Model/Node/Root/Torso2/Arm_L2/Forearm_L2" index="1"]
transform = Transform3D(1, 0, 0, 0, 1, 0, 0, 0, 1, -0.104724, -0.972941, -0.106242)

[node name="Finger_2_L" parent="Radio_Boy_Model/Node/Root/Torso2/Arm_L2/Forearm_L2" index="2"]
transform = Transform3D(1, 0, 0, 0, 0.996195, 0.0871558, 0, -0.0871558, 0.996195, -0.104724, -1.00419, 0.0343828)

[node name="Finger_3_L" parent="Radio_Boy_Model/Node/Root/Torso2/Arm_L2/Forearm_L2" index="3"]
transform = Transform3D(1, 0, 0, 0, 0.984807, 0.173648, 0, -0.173648, 0.984808, -0.104724, -0.972941, 0.175008)

[node name="Arm_R2" parent="Radio_Boy_Model/Node/Root/Torso2" index="3"]
transform = Transform3D(1, 0, 0, 0, 0.939693, -0.34202, 0, 0.34202, 0.939693, 0.749644, 0.734156, 0.0129776)

[node name="Forearm_R2" parent="Radio_Boy_Model/Node/Root/Torso2/Arm_R2" index="0"]
transform = Transform3D(1, 0, 0, 0, 0.951057, -0.309017, 0, 0.309017, 0.951057, 0.332776, -0.99569, 0.100652)

[node name="Thumb_R" parent="Radio_Boy_Model/Node/Root/Torso2/Arm_R2/Forearm_R2" index="0"]
transform = Transform3D(1, 0, 0, 0, 1, 0, 0, 0, 1, 0.167224, -0.830749, -0.178321)

[node name="Finger_1_R" parent="Radio_Boy_Model/Node/Root/Torso2/Arm_R2/Forearm_R2" index="1"]
transform = Transform3D(1, 0, 0, 0, 1, 0, 0, 0, 1, 0.104724, -0.972941, -0.106242)

[node name="Finger_2_R" parent="Radio_Boy_Model/Node/Root/Torso2/Arm_R2/Forearm_R2" index="2"]
transform = Transform3D(1, 0, 0, 0, 0.996195, 0.0871558, 0, -0.0871558, 0.996195, 0.104724, -1.00419, 0.0343828)

[node name="Finger_3_R" parent="Radio_Boy_Model/Node/Root/Torso2/Arm_R2/Forearm_R2" index="3"]
transform = Transform3D(1, 0, 0, 0, 0.984807, 0.173648, 0, -0.173648, 0.984808, 0.104724, -0.972941, 0.175008)

[node name="Backpack2" parent="Radio_Boy_Model/Node/Root/Torso2" index="4"]
transform = Transform3D(0.991445, -0.130526, 0, 0.130526, 0.991445, 0, 0, 0, 1, 0.00148537, 0.777778, 0.286006)

[node name="Hips2" parent="Radio_Boy_Model/Node/Root" index="1"]
transform = Transform3D(0.996195, 0, -0.0871558, 0, 1, 0, 0.0871558, 0, 0.996195, 0, -0.578125, -0.09375)

[node name="Leg_L2" parent="Radio_Boy_Model/Node/Root/Hips2" index="0"]
transform = Transform3D(1, 0, 0, 0, 1, 0, 0, 0, 1, -0.499644, -0.0706501, -0.0307153)

[node name="Stilt_L2" parent="Radio_Boy_Model/Node/Root/Hips2/Leg_L2" index="0"]
transform = Transform3D(1, 0, 0, 0, 0.999048, 0.0436194, 0, -0.0436194, 0.999048, -0.0625, -1.0625, -0.0625)

[node name="Leg_R2" parent="Radio_Boy_Model/Node/Root/Hips2" index="1"]
transform = Transform3D(1, 0, 0, 0, 1, 0, 0, 0, 1, 0.499644, -0.0706501, -0.0307153)

[node name="Stilt_R2" parent="Radio_Boy_Model/Node/Root/Hips2/Leg_R2" index="0"]
transform = Transform3D(1, 0, 0, 0, 0.999048, 0.0436194, 0, -0.0436194, 0.999048, 0.0625, -1.0625, -0.0625)

[node name="AnimationTree" type="AnimationTree" parent="Radio_Boy_Model/AnimationPlayer" index="0"]
root_node = NodePath("../..")
tree_root = SubResource("AnimationNodeStateMachine_1xsu3")
parameters/BlendSpace2D/blend_position = Vector2(0, -0.0158731)

[editable path="Radio_Boy_Model"]
